E0: 0.14533141373155
omega: 0.010000
dim: 2
numbasis: 1
numparticles: 2
coeffs:
  -
    - 0.1