E0: 0.1453321532935641
I: 24
omega: 0.010000
dim: 2
numbasis: 1
numparticles: 2
coeffs:
  -
    - 0.1