E0: 0.5963327297613907
I: 32
omega: 0.100000
dim: 2
numbasis: 1
numparticles: 2
coeffs:
  -
    - 0.3162277660168379