E0: 1.223191504395654
omega: 0.280000
dim: 2
numbasis: 1
numparticles: 2
coeffs:
  -
    - 0.5291502622129182