E0: 1.886227770624414
I: 20
omega: 0.500000
dim: 2
numbasis: 1
numparticles: 2
coeffs:
  -
    - 0.7071067811865476