Const: 0.1
Energy: 0.44472628313873
Acceptance: 0.99984741210938
var: 1.9390674736774e-09
std: 4.4034843858897e-05
Parameters:  1.5186595384309 0.22392929877573
Derivative: -0.0014120635621738 -0.0028642800131058

