Const: 0.1
Energy: 12.464079584322
Acceptance: 0.99993228912354
var: 2.7501120359385e-07
std: 0.00052441510618388
Parameters:   1.321541352597 0.47542286826501
Derivative: -0.079182623737807  0.066418174795217

