Const: 0.1
Energy: 3.6389709569107
Acceptance: 0.99994087219238
var: 1.6947190799858e-08
std: 0.00013018137654771
Parameters:  1.4733134251716 0.29534658701092
Derivative: 0.017432382091776 0.028818406283676

