Const: 0.28
Energy: 7.7292933035209
Acceptance: 0.99977493286133
var: 7.2638779290374e-08
std: 0.00026951582382186
Parameters:  1.3602970677466 0.47880948283706
Derivative: -0.0020189317112056   0.075227290414034

