Const: 0.28
Energy: 25.965954634193
Acceptance: 0.99974727630615
var: 6.8941010982421e-07
std: 0.00083030723821018
Parameters:  1.2793963988011 0.70640871216593
Derivative: 0.024270492271739  0.22952225106474

