Const: 0.28
Energy: 1.049783098649
Acceptance: 0.99805545806885
var: 2.2901360546408e-08
std: 0.00015133195480931
Parameters:  1.1682799787574 0.59359387304198
Derivative: -0.01753765843256 0.065781791779941

