Const: 0.28
Energy: 62.656515457394
Acceptance: 0.99998378753662
var: 2.0514455466492e-05
std: 0.0045292886269802
Parameters:  1.1293963988011 0.96640871216593
Derivative: -0.56063639571585  -1.3976941336205

