Const: 0.5
Energy: 1.6641775434817
Acceptance: 0.99915027618408
var: 1.8539342588342e-08
std: 0.00013615925450862
Parameters:  1.3254230372541 0.37005027148962
Derivative: -0.00078598221398352 -0.00044695726733401

