Const: 0.5
Energy: 11.977810991809
Acceptance: 0.99972534179688
var: 1.6291880017966e-07
std: 0.00040363201084609
Parameters:  1.3341074873688 0.54705529598144
Derivative:  0.0063048047957608 -0.0094892926606462

