Const: 0.5
Energy: 39.571824753406
Acceptance: 0.99985599517822
var: 2.2772569621369e-06
std: 0.001509058303094
Parameters: 1.2377000109692  0.910237133027
Derivative: -0.025282591949576   0.10996398762609

