Const: 0.5
Energy: 94.763025287981
Acceptance: 0.99994373321533
var: 1.7780714733004e-05
std: 0.004216718479221
Parameters: 1.2657000109692  1.100237133027
Derivative:  0.76731661339591 -0.95034507309356

