Const: 1
Energy: 66.289962989855
Acceptance: 0.99986171722412
var: 6.1931546700871e-06
std: 0.0024886049646513
Parameters: 1.2252597866274 1.1481302856799
Derivative:  -0.21906023794122 0.0072834125980989

