Const: 1
Energy: 157.46167243602
Acceptance: 0.9999828338623
var: 3.2247332524479e-06
std: 0.0017957542294111
Parameters: 1.2599737094013 1.1299835752267
Derivative: 0.96618962063803 0.25073447383693

