Const: 1
Energy: 20.388113111023
Acceptance: 0.99997520446777
var: 3.9477131196388e-07
std: 0.00062830829372521
Parameters:  1.2452597866274 0.82813028567992
Derivative: -0.0093051238211217   0.037417529852917

