Const: 1
Energy: 3.0062397509615
Acceptance: 0.99935150146484
var: 5.2663602673007e-08
std: 0.00022948551734915
Parameters: 1.2371586109734 0.4729430747942
Derivative: -0.00047635870038398 -0.00079740606020096

