Const: 1
Energy: 27.58524222443
Acceptance: 0.99992275238037
var: 5.5346138917189e-07
std: 0.00074394985662468
Parameters:  1.2777185108324 0.68845235487469
Derivative: 0.063295629419201 -0.04373406123284

