Const: 1
Energy: 7.9023243274104
Acceptance: 0.99971008300781
var: 1.3955847002414e-07
std: 0.00037357525349538
Parameters:  1.2345630332664 0.57705015063022
Derivative: 0.0040978389786162  0.001939500727218

