Const: 1
Energy: 2.3661818516955
Acceptance: 0.99941349029541
var: 1.0612579610718e-07
std: 0.00032576954447459
Parameters:  1.4597370129891 0.20869401403111
Derivative: -0.070184106700244  0.017587192769142

