Const: 1
Energy: 16.556093438278
Acceptance: 0.99982643127441
var: 3.1584036276658e-07
std: 0.00056199676401789
Parameters:  1.2557022254546 0.64305581411502
Derivative: -0.012791350596132  -0.01470720666822

