E0: 0.5523547608485824
I: 33
omega: 0.100000
dim: 3
numbasis: 1
numparticles: 2
coeffs:
  -
    - 0.1778279410038923