E0: 1.262270281814544
I: 32
omega: 0.280000
dim: 3
numbasis: 1
numparticles: 2
coeffs:
  -
    - 0.3849182684929583