Const: 0.1
Energy: 5.8737188015646
Acceptance: 0.9999303817749
var: 6.9424627881185e-08
std: 0.00026348553637949
Parameters: 0.74507827651383
Derivative: 0.12720087004888

