Const: 0.1
Energy: 0.51121729843196
Acceptance: 0.99998664855957
var: 2.3302230859157e-09
std: 4.8272384299056e-05
Parameters: 0.23639935179996
Derivative: 0.0088436979724493

