Const: 0.28
Energy: 12.361773296779
Acceptance: 0.9996166229248
var: 1.8587755344531e-07
std: 0.00043113519161083
Parameters: 1.5905440459588
Derivative: 0.027284250808634

