Const: 0.28
Energy: 1.218439060293
Acceptance: 0.99999046325684
var: 9.8375792203559e-09
std: 9.9184571483451e-05
Parameters: 0.45481849353695
Derivative: 0.016539472618213

