Const: 0.5
Energy: 19.150063208654
Acceptance: 0.99163818359375
var: 3.341495801467e-07
std: 0.00057805672744697
Parameters: 1.7091040316352
Derivative: 0.027217347686729

