Const: 0.5
Energy: 2.0202956835098
Acceptance: 0.99968433380127
var: 1.8047831113212e-08
std: 0.00013434221642214
Parameters: 0.53574875785729
Derivative: 0.011691449247103

