Const: 1
Energy: 3.7291796183617
Acceptance: 0.99958801269531
var: 5.2516813053033e-09
std: 7.2468484911051e-05
Parameters: 0.27766749884789
Derivative: -0.00053741112631922

