Const: 1
Energy: 33.580461091852
Acceptance: 0.99999713897705
var: 7.3438561572149e-07
std: 0.00085696301887625
Parameters: 0.47599593461092
Derivative: 0.062197080394299

