Const: 1
Energy: 3.2222602652955
Acceptance: 0.9996509552002
var: 1.7871322439834e-08
std: 0.00013368366556851
Parameters: 1.1365394180747 0.1938885918368
Derivative: -0.0083075258026781 -0.0038286250210646

