Const: 1
Energy: 9.1701276139678
Acceptance: 0.99903774261475
var: 5.4758985476755e-08
std: 0.00023400637913688
Parameters:  1.1391362204254 0.41952580122472
Derivative:  0.014537042739583 0.0040358955006923

