Const: 1
Energy: 28.628259048624
Acceptance: 0.99997043609619
var: 3.3870882956976e-07
std: 0.0005819869668384
Parameters:  1.1281362204254 0.55542580122472
Derivative: -0.032296875975476 -0.035697922948998

