Const: 0.1
Energy: 5.8047930790616
Acceptance: 0.99986743927002
var: 1.7874212179324e-08
std: 0.00013369447325647
Parameters: 0.63867428980711 0.29072663816503
Derivative: 0.30066557816025 0.60220174593496

