Const: 0.1
Energy: 0.50005573732374
Acceptance: 0.99999904632568
var: 1.1417414264198e-10
std: 1.0685230116473e-05
Parameters: 0.99467039133936 0.11350682369372
Derivative: 0.008617338570982 0.025806592568412

