Const: 0.28
Energy: 12.481780728074
Acceptance: 0.99962711334229
var: 3.0128909517822e-08
std: 0.00017357681157869
Parameters: 0.79734684724837 0.27817156852255
Derivative: -0.10088959157798  0.12795757602589

