Const: 0.28
Energy: 1.201560220127
Acceptance: 0.99999904632568
var: 4.5500081219913e-10
std: 2.1330748045934e-05
Parameters: 0.99609026704166  0.1585761069782
Derivative: -0.00061925516164862  -0.0012477209076414

