Const: 0.5
Energy: 19.333561737945
Acceptance: 0.9998950958252
var: 5.9712232196372e-08
std: 0.00024436086469885
Parameters: 0.86872842754593 0.35193834421668
Derivative: 0.42633187992345 0.51346409701296

