Const: 0.5
Energy: 2.000274371807
Acceptance: 0.99999809265137
var: 1.068027598035e-09
std: 3.2680691517086e-05
Parameters: 0.98489375156987 0.20247025255545
Derivative: -0.024740779256137 -0.012790848629572

