Const: 1
Energy: 33.30957614303
Acceptance: 0.99994373321533
var: 1.1455603025098e-07
std: 0.00033846126846506
Parameters: 0.91314678220701 0.39584051788653
Derivative:  -0.13733850749907 -0.033709525219138

