Const: 1
Energy: 3.7298479933503
Acceptance: 1
var: 6.0783249070312e-10
std: 2.4654259078365e-05
Parameters: 0.99751609730574 0.27430586427714
Derivative:  0.0017528177766977 0.00072228668550611

