Const: 0.5
Energy: 11.801682584073
Acceptance: 0.99998474121094
var: 3.5788848394405e-07
std: 0.00059823781554165
Parameters:  0.350011974799 0.9990075325381
Derivative: -0.45118355717663  0.12920156708364

