Const: 0.5
Energy: 1.6650588711967
Acceptance: 0.99998188018799
var: 2.1587218872889e-07
std: 0.00046462047816351
Parameters: 0.44303394328636  1.6042786309355
Derivative: -0.14172864466979 0.036376812920717

