Const: 0.5
Energy: 39.316620744281
Acceptance: 0.99995708465576
var: 7.607960404179e-06
std: 0.0027582531436
Parameters: 0.2900131343311 1.1095313286146
Derivative: -0.5249912275101  0.1500726623301

