Const: 0.5
Energy: 93.923993468745
Acceptance: 0.9999942779541
var: 0.00018663696202044
std: 0.013661513899288
Parameters: 0.23145084557824  1.3394350984723
Derivative: 0.020729579966532 0.015253174671459

