Const: 1
Energy: 156.27783398279
Acceptance: 0.99997520446777
var: 0.00035404928569034
std: 0.018816197429086
Parameters:  1.4163197408985 0.61748068050861
Derivative: 37.784073084931 20.598579239209

