Const: 1
Energy: 20.286245351453
Acceptance: 0.99996376037598
var: 1.0736092985644e-06
std: 0.0010361511948381
Parameters: 1.1682626175945 0.4744166792777
Derivative: 0.00011873681372934 8.4069207490019e-05

