Const: 1
Energy: 68.146506931685
Acceptance: 0.99981594085693
var: 7.5982228827701e-06
std: 0.0027564874174881
Parameters:   0.779920979066 0.76509024313787
Derivative: -0.13280635570322 -0.13891917855381

