Const: 1
Energy: 3.0000625932289
Acceptance: 1
var: 5.2424829055039e-09
std: 7.2404992269207e-05
Parameters:  0.9998001696405 0.40172554431066
Derivative: 1.8644365137608e-07 8.3596166650666e-08

