Const: 1
Energy: 9.1748871522461
Acceptance: 0.99997329711914
var: 1.0933188369089e-07
std: 0.00033065372172545
Parameters: 0.88288246351949
Derivative: -0.0020367240441175

