Const: 1
Energy: 28.496709136683
Acceptance: 0.99980926513672
var: 5.5226640724719e-07
std: 0.00074314628926423
Parameters: 1.3850697215041
Derivative: 0.036944545549972

