Const: 1
Energy: 3.2511806714864
Acceptance: 0.99979782104492
var: 3.5454108744738e-08
std: 0.00018829261468453
Parameters: 0.43106972150406
Derivative: -0.0021258391280972

