Const: 0.1
Energy: 0.50750689034099
Acceptance: 0.99978256225586
var: 1.9480882101675e-09
std: 4.4137152266175e-05
Parameters:  1.1448461353899 0.25760597011839
Derivative: -0.0026396309554317   0.043601672069002

