Const: 0.1
Energy: 5.8408187132434
Acceptance: 0.99986553192139
var: 2.7852659104057e-08
std: 0.00016689115945447
Parameters:   0.991544364182 0.28308688661038
Derivative: -0.097136359478469  0.066905936370631

