Const: 0.28
Energy: 1.2032027551854
Acceptance: 0.997633934021
var: 2.6564398511944e-09
std: 5.1540662114435e-05
Parameters:  1.2213790632859 0.21441253298316
Derivative: 0.01782204480133 0.03203621359987

