Const: 0.28
Energy: 12.374350544345
Acceptance: 0.99998760223389
var: 4.6224580911743e-08
std: 0.00021499902537394
Parameters:  1.2443161458376 0.37788573374308
Derivative: 0.016037032397747 0.082150475230151

