Const: 0.5
Energy: 2.0143873262582
Acceptance: 1
var: 1.7267313499014e-08
std: 0.00013140515019973
Parameters:  1.2455973385603 0.37298742760102
Derivative:  0.16404517207972 0.070905077524531

