Const: 0.5
Energy: 19.099172268724
Acceptance: 0.99986839294434
var: 2.6858429145578e-07
std: 0.00051825118567716
Parameters: 1.0477837439424 1.3630379684003
Derivative: -0.11378680773211 0.054529141805062

