Const: 1
Energy: 33.041619490954
Acceptance: 0.99984169006348
var: 8.5008695295748e-07
std: 0.00092200160138553
Parameters: 0.82878371060135  1.1410837587337
Derivative: -0.029489449678977  0.063397570796269

