Const: 1
Energy: 3.7295883490024
Acceptance: 0.999587059021
var: 6.3004532946603e-09
std: 7.9375394768532e-05
Parameters:  1.0023109575963 0.24384304649027
Derivative: -0.036272704214253 -0.019506152197205

