E0: 2.614044573729816
I: 1
omega: 1.000000
dim: 2
numbasis: 2
numparticles: 2
coeffs:
  -
    - 1
    - 0