E0: 2.620381662232587
I: 6
omega: 1.000000
dim: 2
numbasis: 2
numparticles: 2
coeffs:
  -
    - -0.999034438681798
    - -0.04393393139413856