E0: 3.298116444804991
I: 1
omega: 1.000000
dim: 3
numbasis: 2
numparticles: 2
coeffs:
  -
    - 1
    - 0