E0: 2.064282399701604
I: 2
omega: 0.500000
dim: 3
numbasis: 1
numparticles: 2
coeffs:
  -
    - 0.5946035575013606