E0: 3.798015822666443
I: 1
omega: 1.000000
dim: 3
numbasis: 1
numparticles: 2
coeffs:
  -
    - 1