Const: 1
Energy: 16.614190035646
Acceptance: 0.99982357025146
var: 7.2447487904301e-07
std: 0.0008511609007955
Parameters: 1.2553041940288
Derivative: -0.027573858662294

