Const: 1
Energy: 2.4223763137574
Acceptance: 0.99984359741211
var: 9.8149813983696e-08
std: 0.00031328870707974
Parameters: 0.5026697280808
Derivative: -0.042725381814195

