Const: 1
Energy: 7.9524702566553
Acceptance: 0.99997711181641
var: 2.9291223474853e-07
std: 0.00054121366829426
Parameters: 1.0155565827118
Derivative: -0.013620396262688

