Const: 1
Energy: 27.544527192531
Acceptance: 0.99992275238037
var: 1.2242022609093e-06
std: 0.0011064367405818
Parameters: 1.389136058687
Derivative: -0.05605905040477

