Const: 0.1
Energy: 12.643418491193
Acceptance: 0.99995517730713
var: 3.77315618967e-07
std: 0.00061426022088933
Parameters: 1.0246085287887
Derivative: 0.11411172086696

