Const: 0.1
Energy: 3.7013707093529
Acceptance: 0.99984264373779
var: 5.9302497161701e-08
std: 0.00024352104049076
Parameters: 0.66694217172147
Derivative: 0.073199237981953

