Const: 0.1
Energy: 0.46552278012726
Acceptance: 0.99991321563721
var: 5.5103758170543e-09
std: 7.4231905654202e-05
Parameters: 0.34959369348882
Derivative: -8.9655201254146e-06

