Const: 0.28
Energy: 1.0493912289885
Acceptance: 1
var: 1.7145097464311e-08
std: 0.00013093928923097
Parameters: 0.48596144150588
Derivative: -0.014978448065456

