Const: 0.28
Energy: 62.935032304713
Acceptance: 0.99998474121094
var: 1.5831801338936e-05
std: 0.0039789196195621
Parameters: 1.1800804981078
Derivative: -0.1718507528858

