Const: 0.28
Energy: 26.213006175915
Acceptance: 0.99963855743408
var: 9.8706528039961e-07
std: 0.00099351159047069
Parameters: 1.3463851410292
Derivative: 0.069502069598684

