Const: 0.28
Energy: 7.8962656448771
Acceptance: 0.99999904632568
var: 3.3877368231983e-07
std: 0.00058204268084036
Parameters: 0.81403257865682
Derivative: -0.057306647027985

