Const: 0.5
Energy: 39.764421396948
Acceptance: 0.9999532699585
var: 4.843663933652e-06
std: 0.0022008325546602
Parameters: 1.5579993859242
Derivative: -0.081756143137

