Const: 0.5
Energy: 1.7012974838049
Acceptance: 0.99996757507324
var: 4.63819985586e-08
std: 0.00021536480343501
Parameters: 0.61296201234446
Derivative: -0.00079817158511108

