Const: 0.5
Energy: 95.219761523333
Acceptance: 0.99995994567871
var: 1.3183396084276e-05
std: 0.0036308946671965
Parameters: 1.4267190860166
Derivative: -0.92529423412998

