Const: 0.5
Energy: 12.02775812391
Acceptance: 0.99996757507324
var: 3.6658876186424e-07
std: 0.00060546573962879
Parameters: 0.99138915958651
Derivative: -0.054123431708547

