Const: 1
Energy: 20.458761812972
Acceptance: 0.99991798400879
var: 1.1021993414953e-06
std: 0.0010498568195212
Parameters: 1.6762237130839
Derivative: 0.022901792171353

