Const: 1
Energy: 157.41119295463
Acceptance: 0.99982357025146
var: 1.246352412944e-05
std: 0.0035303716701559
Parameters: 2.127755948064
Derivative: -0.46501797548081

