Const: 1
Energy: 66.371153982366
Acceptance: 0.99990081787109
var: 5.967255933757e-06
std: 0.0024427967442579
Parameters: 2.1369443031974
Derivative: -0.035833687853824

