Const: 1
Energy: 3.0562515048687
Acceptance: 0.99971103668213
var: 1.1491164510286e-07
std: 0.0003389862019358
Parameters: 0.79570791801108
Derivative: 9.1283306100642e-06

